3
10.00
20.00
30.00
4
15.00
15.01
3.00
3.01
5
5000.00
11.11
11.11
11.11
11.11
3
0.01
0.03
0.03
4
25.00
25.00
25.00
28.00
3
10.01
15.25
18.96
4
25.03
25.00
25.00
25.00
21 
0.01 
0.01 
0.01 
0.01 
0.01 
0.01 
0.01 
0.01 
0.01 
0.01 
0.01 
0.01 
0.01 
0.01 
0.01 
0.01 
0.01 
0.01 
0.01 
0.01 
0.03 
12 
123.12 
6.13 
9.44 
89.08 
278.78 
223.78 
78.45 
912.89 
554.76 
547.57 
1781.89 
907.07 
6
12.00
11.99
11.95
5.55
5.54
5.53
6
12.00
11.99
11.96
5.55
5.54
5.53
6
12.00
11.99
11.97
5.55
5.54
5.53
6
12.00
11.99
11.98
5.55
5.54
5.53
6
12.00
11.99
11.99
5.55
5.54
5.53
6
12.00
11.99
11.99
5.56
5.54
5.53
2
12.00
12.00
1
99.99
5
1.00
10000.00
569.00
666.66
13.13
0
